image_width: 1920
image_height: 1080
camera_name: GW5200
camera_matrix:
  rows: 3
  cols: 3
  data: [1991.470484, 0.000000, 881.024324, 0.000000, 1975.752747, 504.323686, 0.000000, 0.000000, 1.000000]
distortion_model: plumb_bob
distortion_coefficients:
  rows: 1
  cols: 5
  data: [-0.550865, 0.265621, 0.005267, 0.011109, 0.000000]
rectification_matrix:
  rows: 3
  cols: 3
  data: [1.000000, 0.000000, 0.000000, 0.000000, 1.000000, 0.000000, 0.000000, 0.000000, 1.000000]
projection_matrix:
  rows: 3
  cols: 4
  data: [1697.080933, 0.000000, 878.786293, 0.000000, 0.000000, 1889.011108, 503.295067, 0.000000, 0.000000, 0.000000, 1.000000, 0.000000]
